ERROR: array([0, 0, 0, 0, 0, 0, 0, 0, 0, 0, 0, 0, 0, 0, 0, 0, 0, 0, 0, 1, 0, 0,
       0, 0, 0, 0, 0, 0, 0, 0, 0, 0, 0, 0, 0, 0, 0, 0, 0, 0, 0, 0, 0, 0,
       0, 0, 0, 0, 0, 0, 0, 1, 0, 0, 0, 0, 0, 0, 0, 0, 0, 0, 1, 0, 0, 0,
       0, 1, 0, 0, 0, 0, 0, 1, 0, 0, 0, 0, 0, 0, 0, 0, 0, 0, 0, 0, 0, 0,
       0, 0, 0, 1, 0, 0, 0, 0, 0, 0, 0, 0, 0, 0, 0, 0, 0, 0, 1, 0, 0, 0,
       1, 0, 0, 0, 0, 0, 0, 0, 0, 0, 0, 0, 0, 1, 0, 0, 0, 0, 1, 0, 0, 0,
       0, 0, 0, 0, 0, 0, 0, 0, 0, 0, 0, 0])
error:
┼─·─┼─Z─┼─·─┼─·─┼─·─┼─·
·   ·   Z   ·   ·   ·  
┼─·─┼─·─┼─·─┼─·─┼─·─┼─·
·   ·   ·   ·   ·   ·  
┼─·─┼─·─┼─·─┼─·─┼─·─┼─·
·   ·   ·   Y   ·   ·  
┼─·─┼─Y─┼─·─┼─·─┼─·─┼─·
·   ·   Z   ·   ·   ·  
┼─·─┼─·─┼─·─┼─·─┼─·─┼─·
·   ·   X   ·   ·   ·  
┼─·─┼─·─┼─·─┼─·─┼─Z─┼─·
·   X   ·   ·   ·   ·  
SYNDROME: [0 0 0 0 0 0 0 0 0 0 0 0 0 1 1 1 0 0 0 1 0 0 0 0 0 1 1 0 0 0 1 1 0 0 0 0 0
 0 1 0 0 0 0 0 0 1 0 0 0 1 0 1 0 0 0 0 1 0 0 0 0 0 0 0 1 1 0 1 0 0 0 0]
syndrome:
┼───X───┼───┼───┼───┼──
│   │   │   │   │   │  
┼───┼───X───┼───┼───┼──
│   │   │   │   │   │  
┼───┼───┼───X───┼───┼──
│   │ Z │ Z │ Z │   │  
┼───X───┼───X───┼───┼──
│   │ Z │   │   │   │  
┼───┼───X───┼───┼───┼──
│   │ Z │ Z │   │   │  
┼───┼───┼───┼───X───X──
│ Z │ Z │   │   │   │  
SOFT-DECISION VECTOR (Z ERROR): [ 5.72859842 -0.14702636  5.03172043  8.9254838   8.9254838   6.3361104
  5.03172043 -0.14702636  3.13922502  6.3361104   9.9164145   9.9164145
  4.04078973  1.45141633  2.44234704  7.32704111 10.61329249  8.9254838
  5.72859842 -0.14702636  3.43327774  7.32704111  7.32704111  6.3361104
  5.03172043 -0.14702636  3.13922502  6.3361104   8.9254838   8.9254838
  4.04078973  1.45141633  4.04078973  7.32704111 -8.31797181  7.32704111
  4.73766771 -0.14702636 -0.14702636  4.73766771  8.9254838   9.9164145
  6.63016312  2.44234704  2.44234704  2.44234704  7.32704111 12.21173518
  4.04078973  2.44234704  2.44234704 -1.74546905  8.02391909  8.9254838
  4.73766771 -0.14702636 -0.14702636  2.44234704  7.32704111  8.9254838
  6.63016312  2.44234704  2.44234704  4.04078973  7.32704111 10.61329249
  4.04078973  2.44234704  2.44234704  6.63016312 10.61329249  7.32704111]
HARD-DECISION VECTOR (Z ERROR): [-0.  1. -0. -0. -0. -0. -0.  1. -0. -0. -0. -0. -0. -0. -0. -0. -0. -0.
 -0.  1. -0. -0. -0. -0. -0.  1. -0. -0. -0. -0. -0. -0. -0. -0.  1. -0.
 -0.  1.  1. -0. -0. -0. -0. -0. -0. -0. -0. -0. -0. -0. -0.  1. -0. -0.
 -0.  1.  1. -0. -0. -0. -0. -0. -0. -0. -0. -0. -0. -0. -0. -0. -0. -0.]
CONVERGED FOR Z?: False
SOFT-DECISION VECTOR (X ERROR): [2.44234704 2.44234704 4.88469407 4.88469407 4.88469407 4.88469407
 4.88469407 4.88469407 4.88469407 4.88469407 4.88469407 4.88469407
 4.88469407 2.44234704 2.44234704 2.44234704 4.88469407 4.88469407
 4.88469407 0.         2.44234704 2.44234704 4.88469407 4.88469407
 4.88469407 0.         2.44234704 4.88469407 4.88469407 4.88469407
 2.44234704 0.         2.44234704 4.88469407 4.88469407 4.88469407
 4.88469407 4.88469407 4.88469407 4.88469407 4.88469407 4.88469407
 4.88469407 4.88469407 4.88469407 4.88469407 4.88469407 4.88469407
 4.88469407 2.44234704 0.         0.         2.44234704 4.88469407
 4.88469407 2.44234704 2.44234704 4.88469407 4.88469407 4.88469407
 4.88469407 2.44234704 0.         2.44234704 4.88469407 4.88469407
 2.44234704 0.         2.44234704 4.88469407 4.88469407 4.88469407]
HARD-DECISION VECTOR (X ERROR): [0 0 0 0 0 0 0 0 0 0 0 0 0 0 0 0 0 0 0 1 0 0 0 0 0 0 0 0 0 0 0 0 0 0 0 0 0
 0 0 0 0 0 0 0 0 0 0 0 0 0 0 1 0 0 0 0 0 0 0 0 0 0 1 0 0 0 0 1 0 0 0 0]
CONVERGED FOR X?: True
RESULT OF OSD (Z ERROR): [0 0 0 0 0 0 0 1 0 0 0 0 0 0 0 0 0 0 0 0 0 0 0 0 0 1 0 0 0 0 0 0 0 0 1 0 0
 1 1 0 0 0 0 0 0 0 0 0 0 0 0 1 0 0 0 0 0 0 0 0 0 0 0 0 0 0 0 0 0 0 0 0]
RESULT OF OSD (X ERROR): [0 0 0 0 0 0 0 0 0 0 0 0 0 0 0 0 0 0 0 1 0 0 0 0 0 0 0 0 0 0 0 0 0 0 0 0 0
 0 0 0 0 0 0 0 0 0 0 0 0 0 0 1 0 0 0 0 0 0 0 0 0 0 1 0 0 0 0 1 0 0 0 0]
RECOVERY OPERATOR: [0 0 0 0 0 0 0 0 0 0 0 0 0 0 0 0 0 0 0 1 0 0 0 0 0 0 0 0 0 0 0 0 0 0 0 0 0
 0 0 0 0 0 0 0 0 0 0 0 0 0 0 1 0 0 0 0 0 0 0 0 0 0 1 0 0 0 0 1 0 0 0 0 0 0
 0 0 0 0 0 1 0 0 0 0 0 0 0 0 0 0 0 0 0 0 0 0 0 1 0 0 0 0 0 0 0 0 1 0 0 1 1
 0 0 0 0 0 0 0 0 0 0 0 0 1 0 0 0 0 0 0 0 0 0 0 0 0 0 0 0 0 0 0 0 0]
COMMUTATION OF RECOVERY WITH STABS: [0 0 0 0 0 0 0 0 0 0 0 0 0 1 1 1 0 0 0 1 0 0 0 0 0 1 1 0 0 0 1 1 0 0 0 0 0
 0 0 0 0 0 0 0 0 1 0 0 0 0 0 1 0 0 0 1 1 0 0 0 0 0 0 0 1 1 0 1 1 0 0 0]
COMMUTATION OF ORIGINAL ERROR WITH STABS: [0 0 0 0 0 0 0 0 0 0 0 0 0 1 1 1 0 0 0 1 0 0 0 0 0 1 1 0 0 0 1 1 0 0 0 0 0
 0 1 0 0 0 0 0 0 1 0 0 0 1 0 1 0 0 0 0 1 0 0 0 0 0 0 0 1 1 0 1 0 0 0 0]
CONSISTENT COMMUTATION RELATIONS: False
ROUND RUNTIME: 3.306943655014038
ERROR: array([0, 0, 0, 0, 1, 0, 1, 0, 0, 0, 0, 0, 0, 0, 0, 0, 0, 0, 0, 0, 0, 0,
       0, 0, 0, 0, 0, 1, 0, 0, 0, 0, 0, 0, 0, 0, 0, 0, 0, 0, 0, 0, 0, 0,
       0, 0, 0, 0, 0, 0, 0, 0, 0, 0, 0, 0, 1, 0, 0, 0, 0, 0, 0, 1, 1, 0,
       0, 0, 0, 0, 0, 0, 0, 0, 1, 0, 0, 0, 0, 0, 0, 0, 0, 0, 0, 0, 0, 0,
       0, 0, 0, 0, 0, 0, 0, 0, 0, 0, 0, 1, 0, 1, 0, 0, 0, 0, 0, 1, 0, 0,
       1, 0, 0, 0, 0, 0, 0, 0, 0, 0, 0, 0, 0, 0, 0, 0, 0, 0, 1, 0, 0, 0,
       0, 0, 0, 1, 0, 0, 0, 0, 0, 0, 0, 0])
error:
┼─·─┼─·─┼─Z─┼─·─┼─X─┼─·
·   ·   Z   ·   ·   ·  
┼─X─┼─·─┼─·─┼─·─┼─·─┼─·
·   ·   ·   ·   ·   ·  
┼─·─┼─·─┼─·─┼─·─┼─·─┼─·
·   ·   ·   ·   ·   ·  
┼─·─┼─·─┼─·─┼─·─┼─·─┼─·
·   ·   Y   ·   ·   ·  
┼─·─┼─·─┼─·─┼─Y─┼─·─┼─Z
·   ·   ·   Y   X   ·  
┼─·─┼─·─┼─·─┼─·─┼─·─┼─Z
·   ·   ·   ·   ·   ·  
SYNDROME: [1 0 0 0 1 0 1 0 0 0 0 0 0 0 0 0 0 0 0 1 1 1 0 0 0 0 1 1 1 0 0 0 0 0 1 0 0
 0 1 0 0 0 0 0 0 0 0 0 0 0 1 0 0 0 1 0 1 0 1 1 1 0 0 1 0 1 0 0 0 1 0 0]
syndrome:
┼───┼───┼───X───┼───┼──
│ Z │   │   │   │ Z │  
┼───┼───X───┼───┼───┼──
│ Z │   │   │   │   │  
┼───┼───┼───┼───┼───┼──
│   │   │   │   │   │  
┼───┼───X───┼───┼───┼──
│   │ Z │ Z │ Z │   │  
X───┼───X───┼───X───X──
│   │   │ Z │ Z │ Z │  
X───┼───┼───X───┼───X──
│   │   │   │   │ Z │  
SOFT-DECISION VECTOR (Z ERROR): [ 5.09561037  0.33204702  0.33204702  5.2167411   5.09561037  5.09561037
  4.67377777  0.2109163   0.2109163   4.67377777  5.2167411   5.2167411
  5.2167411   0.33204702  0.33204702  5.2167411   9.43734112  9.55847184
  5.09561037  5.2167411   5.09561037  5.09561037  5.2167411   5.2167411
  0.2109163   0.33204702  0.33204702  0.33204702 -0.33204702  0.2109163
  4.55264705  5.09561037  0.33204702  0.33204702  0.2109163   0.2109163
  5.09561037  0.33204702  0.2109163   0.33204702  5.09561037  5.2167411
  5.2167411   0.33204702  0.2109163   0.33204702  5.09561037  9.55847184
  5.2167411   5.09561037  0.33204702  5.09561037  5.09561037 10.10143517
  4.55264705  5.09561037 -0.33204702  5.09561037  4.67377777  5.2167411
  0.2109163   5.09561037  0.33204702  0.33204702  0.33204702  0.2109163
  4.55264705  5.09561037  0.33204702 -0.2109163   5.09561037  4.55264705]
HARD-DECISION VECTOR (Z ERROR): [-0. -0. -0. -0. -0. -0. -0. -0. -0. -0. -0. -0. -0. -0. -0. -0. -0. -0.
 -0. -0. -0. -0. -0. -0. -0. -0. -0. -0.  1. -0. -0. -0. -0. -0. -0. -0.
 -0. -0. -0. -0. -0. -0. -0. -0. -0. -0. -0. -0. -0. -0. -0. -0. -0. -0.
 -0. -0.  1. -0. -0. -0. -0. -0. -0. -0. -0. -0. -0. -0. -0.  1. -0. -0.]
CONVERGED FOR Z?: False
SOFT-DECISION VECTOR (X ERROR): [ 5.64792752  6.71645435  6.71645435  5.11366411 -1.83176028  5.11366411
 -5.03734076  5.11366411  8.31924459  6.71645435  4.04513728  5.11366411
  5.64792752  5.11366411  6.71645435  6.71645435  6.71645435  6.71645435
  5.11366411  4.04513728  5.64792752  4.04513728  6.71645435  8.31924459
  6.71645435  2.44234704  1.37382021 -0.22897003  2.44234704  6.71645435
  6.71645435  6.71645435  4.04513728  2.44234704  1.37382021  5.11366411
  4.04513728  5.64792752  6.71645435  6.71645435  4.04513728  2.44234704
  5.64792752  5.64792752  6.71645435  8.31924459  6.71645435  5.11366411
  6.71645435  5.11366411  5.11366411  5.11366411  6.71645435  8.31924459
  6.71645435  4.04513728 -1.83176028  1.37382021  2.44234704  6.71645435
  6.71645435  6.71645435  2.44234704 -0.22897003 -0.22897003  4.04513728
  5.11366411  6.71645435  6.71645435  5.11366411  4.04513728  5.64792752]
HARD-DECISION VECTOR (X ERROR): [0 0 0 0 1 0 1 0 0 0 0 0 0 0 0 0 0 0 0 0 0 0 0 0 0 0 0 1 0 0 0 0 0 0 0 0 0
 0 0 0 0 0 0 0 0 0 0 0 0 0 0 0 0 0 0 0 1 0 0 0 0 0 0 1 1 0 0 0 0 0 0 0]
CONVERGED FOR X?: True
RESULT OF OSD (Z ERROR): [0 1 0 0 0 0 0 0 0 0 0 0 0 0 0 0 0 0 0 0 0 0 0 0 0 0 0 1 1 0 0 0 0 0 1 0 0
 0 1 0 0 0 0 0 0 0 0 0 0 0 0 0 0 0 0 0 1 0 0 0 1 0 0 0 0 0 0 0 0 0 0 0]
RESULT OF OSD (X ERROR): [0 0 0 0 1 0 1 0 0 0 0 0 0 0 0 0 0 0 0 0 0 0 0 0 0 0 0 1 0 0 0 0 0 0 0 0 0
 0 0 0 0 0 0 0 0 0 0 0 0 0 0 0 0 0 0 0 1 0 0 0 0 0 0 1 1 0 0 0 0 0 0 0]
RECOVERY OPERATOR: [0 0 0 0 1 0 1 0 0 0 0 0 0 0 0 0 0 0 0 0 0 0 0 0 0 0 0 1 0 0 0 0 0 0 0 0 0
 0 0 0 0 0 0 0 0 0 0 0 0 0 0 0 0 0 0 0 1 0 0 0 0 0 0 1 1 0 0 0 0 0 0 0 0 1
 0 0 0 0 0 0 0 0 0 0 0 0 0 0 0 0 0 0 0 0 0 0 0 0 0 1 1 0 0 0 0 0 1 0 0 0 1
 0 0 0 0 0 0 0 0 0 0 0 0 0 0 0 0 0 1 0 0 0 1 0 0 0 0 0 0 0 0 0 0 0]
COMMUTATION OF RECOVERY WITH STABS: [1 0 0 0 1 0 1 0 0 0 0 0 0 0 0 0 0 0 0 1 1 1 0 0 0 0 1 1 1 0 0 0 0 0 1 0 0
 0 1 0 0 0 0 0 0 0 0 0 0 0 1 0 0 0 1 0 1 1 0 1 1 0 0 0 1 1 0 1 0 0 0 0]
COMMUTATION OF ORIGINAL ERROR WITH STABS: [1 0 0 0 1 0 1 0 0 0 0 0 0 0 0 0 0 0 0 1 1 1 0 0 0 0 1 1 1 0 0 0 0 0 1 0 0
 0 1 0 0 0 0 0 0 0 0 0 0 0 1 0 0 0 1 0 1 0 1 1 1 0 0 1 0 1 0 0 0 1 0 0]
CONSISTENT COMMUTATION RELATIONS: False
ROUND RUNTIME: 3.0752968788146973
ERROR: array([0, 0, 0, 0, 0, 0, 0, 0, 0, 1, 0, 0, 0, 0, 0, 1, 0, 0, 0, 0, 0, 0,
       1, 0, 0, 0, 0, 0, 0, 0, 0, 0, 0, 0, 0, 0, 0, 0, 1, 0, 0, 0, 0, 0,
       0, 0, 0, 0, 0, 0, 0, 0, 0, 0, 0, 0, 0, 0, 0, 1, 0, 0, 0, 0, 0, 0,
       0, 0, 0, 0, 0, 0, 0, 0, 0, 0, 0, 0, 0, 0, 0, 1, 0, 0, 0, 0, 0, 1,
       0, 0, 0, 0, 0, 0, 1, 0, 0, 0, 0, 0, 0, 0, 0, 0, 0, 0, 0, 0, 0, 0,
       1, 0, 0, 0, 0, 0, 1, 0, 0, 0, 0, 0, 0, 0, 0, 0, 0, 0, 0, 0, 1, 0,
       0, 0, 0, 0, 0, 0, 0, 0, 0, 0, 0, 0])
error:
┼─·─┼─·─┼─·─┼─·─┼─·─┼─·
·   ·   Y   ·   ·   ·  
┼─·─┼─·─┼─·─┼─Y─┼─·─┼─·
·   ·   Z   ·   ·   ·  
┼─·─┼─·─┼─·─┼─Y─┼─·─┼─·
·   ·   ·   ·   ·   ·  
┼─·─┼─·─┼─·─┼─·─┼─Y─┼─·
·   ·   ·   ·   Z   X  
┼─·─┼─·─┼─·─┼─·─┼─·─┼─·
·   ·   ·   ·   ·   ·  
┼─·─┼─·─┼─·─┼─·─┼─·─┼─·
·   ·   ·   ·   ·   ·  
SYNDROME: [0 1 1 1 0 0 0 0 0 0 0 0 0 0 0 1 1 0 0 0 0 0 0 1 0 0 0 0 0 0 0 0 0 0 0 0 0
 0 0 1 1 0 0 0 1 1 1 0 0 0 0 0 0 1 0 0 0 0 1 0 0 0 0 0 0 0 0 0 1 0 0 0]
syndrome:
┼───┼───X───┼───┼───┼──
│   │ Z │ Z │ Z │   │  
┼───┼───┼───X───X───┼──
│   │   │   │   │   │  
┼───┼───X───X───X───┼──
│   │   │   │ Z │ Z │  
┼───┼───┼───┼───┼───X──
│   │   │   │   │   │ Z
┼───┼───┼───┼───X───┼──
│   │   │   │   │   │  
┼───┼───┼───┼───┼───┼──
│   │   │   │   │   │  
SOFT-DECISION VECTOR (Z ERROR): [ 7.76168541  2.87699134 -0.1571095   2.87699134  7.76168541  7.76168541
  7.76168541  2.87699134  0.1571095   0.1571095   3.61095846  7.76168541
  5.4615517   5.04180357  0.1571095   0.1571095   0.58694076  4.04078973
  5.47163483  5.4615517   4.72758457  4.29775331 -0.14702636  5.72859842
  8.49565253  7.76168541  3.3068226   4.30783644 -0.14702636  5.03172043
  7.76168541  2.87699134  2.87699134  3.3068226   4.73766771  8.49565253
  7.76168541  2.87699134 -0.1571095   0.1571095   2.87699134  7.76168541
  8.49565253  4.72758457  0.1571095   0.1571095   0.1571095   3.3068226
  4.04078973  5.4615517   5.04180357  3.61095846  1.57787147  1.27373561
  4.73766771  8.49565253  4.72758457  3.3068226  -0.14702636 -0.14702636
  8.49565253  7.76168541  3.61095846  3.3068226   4.30783644  5.03172043
  7.76168541  2.87699134  2.87699134  2.87699134  3.3068226   8.49565253]
HARD-DECISION VECTOR (Z ERROR): [-0. -0.  1. -0. -0. -0. -0. -0. -0. -0. -0. -0. -0. -0. -0. -0. -0. -0.
 -0. -0. -0. -0.  1. -0. -0. -0. -0. -0.  1. -0. -0. -0. -0. -0. -0. -0.
 -0. -0.  1. -0. -0. -0. -0. -0. -0. -0. -0. -0. -0. -0. -0. -0. -0. -0.
 -0. -0. -0. -0.  1.  1. -0. -0. -0. -0. -0. -0. -0. -0. -0. -0. -0. -0.]
CONVERGED FOR Z?: False
SOFT-DECISION VECTOR (X ERROR): [4.88469407 2.44234704 2.44234704 2.44234704 4.88469407 4.88469407
 4.88469407 2.44234704 2.44234704 2.44234704 4.88469407 4.88469407
 4.88469407 4.88469407 4.88469407 2.44234704 2.44234704 4.88469407
 4.88469407 4.88469407 4.88469407 2.44234704 2.44234704 2.44234704
 4.88469407 4.88469407 4.88469407 4.88469407 4.88469407 2.44234704
 4.88469407 4.88469407 4.88469407 4.88469407 4.88469407 4.88469407
 4.88469407 2.44234704 0.         0.         2.44234704 4.88469407
 4.88469407 4.88469407 4.88469407 4.88469407 4.88469407 4.88469407
 4.88469407 4.88469407 4.88469407 2.44234704 0.         2.44234704
 2.44234704 4.88469407 4.88469407 4.88469407 4.88469407 2.44234704
 4.88469407 4.88469407 4.88469407 4.88469407 4.88469407 4.88469407
 4.88469407 4.88469407 4.88469407 4.88469407 4.88469407 4.88469407]
HARD-DECISION VECTOR (X ERROR): [0 0 0 0 0 0 0 0 0 1 0 0 0 0 0 1 0 0 0 0 0 0 0 1 0 0 0 0 0 0 0 0 0 0 0 0 0
 0 1 0 0 0 0 0 0 0 0 0 0 0 0 0 0 1 0 0 0 0 0 0 0 0 0 0 0 0 0 0 0 0 0 0]
CONVERGED FOR X?: True
RESULT OF OSD (Z ERROR): [0 0 0 0 0 0 0 0 1 0 0 0 0 0 1 1 0 0 0 0 0 0 1 0 0 0 0 0 0 0 0 0 0 0 0 0 0
 0 1 0 0 0 0 0 0 0 0 0 0 0 0 0 0 0 0 0 0 0 1 0 0 0 0 0 0 0 0 0 0 0 0 0]
RESULT OF OSD (X ERROR): [0 0 0 0 0 0 0 0 0 1 0 0 0 0 0 1 0 0 0 0 0 0 0 1 0 0 0 0 0 0 0 0 0 0 0 0 0
 0 1 0 0 0 0 0 0 0 0 0 0 0 0 0 0 1 0 0 0 0 0 0 0 0 0 0 0 0 0 0 0 0 0 0]
RECOVERY OPERATOR: [0 0 0 0 0 0 0 0 0 1 0 0 0 0 0 1 0 0 0 0 0 0 0 1 0 0 0 0 0 0 0 0 0 0 0 0 0
 0 1 0 0 0 0 0 0 0 0 0 0 0 0 0 0 1 0 0 0 0 0 0 0 0 0 0 0 0 0 0 0 0 0 0 0 0
 0 0 0 0 0 0 1 0 0 0 0 0 1 1 0 0 0 0 0 0 1 0 0 0 0 0 0 0 0 0 0 0 0 0 0 0 1
 0 0 0 0 0 0 0 0 0 0 0 0 0 0 0 0 0 0 0 1 0 0 0 0 0 0 0 0 0 0 0 0 0]
COMMUTATION OF RECOVERY WITH STABS: [0 1 1 1 0 0 0 0 0 0 0 0 0 0 0 1 1 0 0 0 0 0 0 1 0 0 0 0 0 0 0 0 0 0 0 0 0
 0 0 1 0 0 0 0 1 0 1 0 0 0 0 0 0 1 0 0 0 0 1 0 0 0 0 0 0 0 0 0 1 0 0 0]
COMMUTATION OF ORIGINAL ERROR WITH STABS: [0 1 1 1 0 0 0 0 0 0 0 0 0 0 0 1 1 0 0 0 0 0 0 1 0 0 0 0 0 0 0 0 0 0 0 0 0
 0 0 1 1 0 0 0 1 1 1 0 0 0 0 0 0 1 0 0 0 0 1 0 0 0 0 0 0 0 0 0 1 0 0 0]
CONSISTENT COMMUTATION RELATIONS: False
ROUND RUNTIME: 3.1544525623321533
ERROR: array([0, 0, 0, 0, 0, 0, 0, 0, 0, 0, 0, 1, 0, 0, 0, 1, 0, 1, 0, 1, 0, 0,
       0, 0, 0, 1, 0, 0, 0, 0, 0, 0, 0, 1, 1, 0, 0, 0, 0, 0, 0, 0, 0, 0,
       0, 0, 0, 0, 0, 0, 0, 0, 0, 0, 0, 1, 0, 0, 0, 0, 0, 0, 0, 0, 0, 0,
       0, 0, 0, 0, 0, 0, 0, 0, 0, 0, 0, 0, 0, 0, 0, 1, 0, 0, 0, 0, 0, 0,
       0, 0, 0, 1, 0, 0, 0, 0, 0, 0, 0, 0, 0, 0, 0, 0, 0, 1, 0, 0, 0, 0,
       0, 0, 0, 0, 0, 0, 0, 0, 0, 0, 0, 0, 0, 0, 1, 0, 0, 0, 0, 0, 1, 0,
       0, 0, 0, 0, 0, 0, 0, 0, 0, 0, 0, 0])
error:
┼─·─┼─·─┼─·─┼─·─┼─·─┼─·
·   ·   ·   ·   ·   ·  
┼─·─┼─·─┼─·─┼─Z─┼─·─┼─X
·   ·   ·   ·   ·   ·  
┼─·─┼─·─┼─·─┼─X─┼─·─┼─X
·   ·   ·   ·   Z   ·  
┼─·─┼─Y─┼─·─┼─·─┼─·─┼─·
·   X   ·   ·   Z   ·  
┼─·─┼─X─┼─·─┼─·─┼─·─┼─·
·   ·   ·   ·   ·   ·  
┼─·─┼─·─┼─·─┼─Y─┼─X─┼─·
·   ·   ·   ·   ·   ·  
SYNDROME: [0 0 0 0 0 1 0 0 0 1 0 0 0 1 0 1 0 1 1 1 0 0 0 0 0 1 0 1 1 0 0 0 0 1 1 0 0
 0 0 1 1 0 0 0 0 0 1 0 0 1 1 0 0 0 0 0 0 0 1 0 0 0 0 1 1 0 0 0 0 0 0 0]
syndrome:
┼───┼───┼───┼───┼───┼──
│   │   │   │   │   │ Z
┼───┼───┼───X───X───┼──
│   │   │   │ Z │   │  
┼───┼───┼───┼───X───┼──
│   │ Z │   │ Z │   │ Z
┼───X───X───┼───┼───┼──
│ Z │ Z │   │   │   │  
┼───┼───┼───┼───X───┼──
│   │ Z │   │ Z │ Z │  
┼───┼───┼───X───X───┼──
│   │   │   │ Z │ Z │  
SOFT-DECISION VECTOR (Z ERROR): [ 14.91203136  10.02733729   5.14264322   5.14264322   9.27563403
  14.1603281    9.27563403   9.27563403   5.37844819   0.49375411
   4.39093996  10.02733729  10.02733729  10.02733729   5.14264322
  -0.25794915   4.62674492   9.27563403  10.26314226 -10.26314226
  10.26314226   5.37844819   5.14264322  10.02733729  10.02733729
  10.02733729   5.14264322  -0.25794915   4.62674492   9.27563403
   9.27563403   9.27563403   5.37844819   0.49375411   4.39093996
  10.02733729  14.1603281   10.02733729   4.39093996  -0.25794915
   4.39093996   9.27563403   9.27563403  10.02733729   4.62674492
  -0.25794915   0.49375411   4.39093996  10.02733729  10.26314226
  10.02733729   5.37844819  -0.25794915   4.39093996  10.02733729
  10.26314226  10.02733729   5.37844819  -0.25794915   4.39093996
   9.27563403  10.02733729   4.62674492  -0.25794915   0.49375411
   4.39093996  14.1603281   10.02733729   4.39093996  -0.25794915
   4.39093996   9.27563403]
HARD-DECISION VECTOR (Z ERROR): [-0. -0. -0. -0. -0. -0. -0. -0. -0. -0. -0. -0. -0. -0. -0.  1. -0. -0.
 -0.  1. -0. -0. -0. -0. -0. -0. -0.  1. -0. -0. -0. -0. -0. -0. -0. -0.
 -0. -0. -0.  1. -0. -0. -0. -0. -0.  1. -0. -0. -0. -0. -0. -0.  1. -0.
 -0. -0. -0. -0.  1. -0. -0. -0. -0.  1. -0. -0. -0. -0. -0.  1. -0. -0.]
CONVERGED FOR Z?: False
SOFT-DECISION VECTOR (X ERROR): [ 5.11366411  6.71645435  6.71645435  2.44234704  0.83955679  0.83955679
  5.11366411  6.71645435  6.71645435  4.04513728  3.51087386 -0.76323345
  5.11366411  4.04513728  5.11366411 -3.43455052  3.51087386 -0.76323345
  0.83955679 -0.76323345  5.11366411  4.04513728  3.51087386  0.83955679
  2.44234704 -0.76323345  5.11366411  2.44234704  4.04513728  3.51087386
  6.71645435  4.04513728  5.11366411 -0.22897003 -0.22897003  3.51087386
  4.04513728  5.11366411  8.31924459  6.71645435  3.51087386  0.83955679
  5.64792752  6.71645435  5.11366411  5.64792752  5.64792752  4.04513728
  0.83955679  0.83955679  2.44234704  4.04513728  2.44234704  0.83955679
  0.83955679 -0.76323345  5.64792752  5.11366411  5.11366411  3.51087386
  5.11366411  2.44234704  2.44234704  2.44234704 -0.22897003  4.04513728
  5.11366411  6.71645435  5.11366411  4.04513728 -0.22897003  0.83955679]
HARD-DECISION VECTOR (X ERROR): [0 0 0 0 0 0 0 0 0 0 0 1 0 0 0 1 0 1 0 1 0 0 0 0 0 1 0 0 0 0 0 0 0 1 1 0 0
 0 0 0 0 0 0 0 0 0 0 0 0 0 0 0 0 0 0 1 0 0 0 0 0 0 0 0 0 0 0 0 0 0 0 0]
CONVERGED FOR X?: True
RESULT OF OSD (Z ERROR): [0 0 0 0 0 0 0 0 0 1 0 0 0 0 0 0 0 0 0 1 0 0 0 0 0 0 0 0 0 0 0 0 0 0 0 0 0
 0 0 0 0 0 0 0 0 0 0 0 0 0 0 0 1 0 0 0 0 0 1 0 0 0 0 0 0 0 0 0 0 1 0 0]
RESULT OF OSD (X ERROR): [0 0 0 0 0 0 0 0 0 0 0 1 0 0 0 1 0 1 0 1 0 0 0 0 0 1 0 0 0 0 0 0 0 1 1 0 0
 0 0 0 0 0 0 0 0 0 0 0 0 0 0 0 0 0 0 1 0 0 0 0 0 0 0 0 0 0 0 0 0 0 0 0]
RECOVERY OPERATOR: [0 0 0 0 0 0 0 0 0 0 0 1 0 0 0 1 0 1 0 1 0 0 0 0 0 1 0 0 0 0 0 0 0 1 1 0 0
 0 0 0 0 0 0 0 0 0 0 0 0 0 0 0 0 0 0 1 0 0 0 0 0 0 0 0 0 0 0 0 0 0 0 0 0 0
 0 0 0 0 0 0 0 1 0 0 0 0 0 0 0 0 0 1 0 0 0 0 0 0 0 0 0 0 0 0 0 0 0 0 0 0 0
 0 0 0 0 0 0 0 0 0 0 0 0 0 1 0 0 0 0 0 1 0 0 0 0 0 0 0 0 0 0 1 0 0]
COMMUTATION OF RECOVERY WITH STABS: [0 0 0 0 0 1 0 0 0 1 0 0 0 1 0 1 0 1 1 1 0 0 0 0 0 1 0 1 1 0 0 0 0 1 1 0 0
 0 0 1 1 0 0 0 0 0 1 0 0 1 1 0 0 0 0 0 0 0 1 0 0 0 0 1 0 0 0 0 0 1 0 0]
COMMUTATION OF ORIGINAL ERROR WITH STABS: [0 0 0 0 0 1 0 0 0 1 0 0 0 1 0 1 0 1 1 1 0 0 0 0 0 1 0 1 1 0 0 0 0 1 1 0 0
 0 0 1 1 0 0 0 0 0 1 0 0 1 1 0 0 0 0 0 0 0 1 0 0 0 0 1 1 0 0 0 0 0 0 0]
CONSISTENT COMMUTATION RELATIONS: False
ROUND RUNTIME: 3.0722568035125732
ERROR: array([0, 0, 0, 0, 1, 0, 0, 0, 0, 0, 0, 0, 0, 0, 0, 0, 0, 0, 0, 0, 0, 0,
       0, 0, 0, 0, 0, 0, 0, 0, 0, 0, 0, 0, 0, 1, 0, 0, 0, 0, 0, 0, 0, 0,
       0, 0, 0, 0, 0, 0, 0, 0, 0, 1, 0, 0, 0, 0, 0, 0, 0, 0, 1, 0, 0, 0,
       0, 1, 0, 0, 0, 1, 0, 0, 0, 0, 1, 0, 0, 0, 0, 0, 1, 0, 0, 0, 0, 0,
       0, 0, 0, 0, 0, 0, 0, 0, 0, 0, 0, 0, 0, 0, 0, 0, 0, 0, 0, 1, 0, 0,
       0, 0, 0, 0, 0, 0, 0, 0, 0, 0, 0, 0, 0, 0, 0, 1, 0, 0, 0, 1, 0, 0,
       0, 0, 0, 0, 0, 0, 0, 1, 0, 0, 0, 1])
error:
┼─·─┼─·─┼─·─┼─·─┼─Y─┼─·
·   ·   ·   ·   ·   ·  
┼─·─┼─·─┼─·─┼─·─┼─Z─┼─·
·   ·   ·   ·   ·   ·  
┼─·─┼─·─┼─·─┼─·─┼─·─┼─·
·   ·   ·   ·   ·   Y  
┼─·─┼─·─┼─·─┼─·─┼─·─┼─·
·   ·   ·   Z   ·   ·  
┼─·─┼─·─┼─·─┼─·─┼─·─┼─·
·   ·   X   ·   ·   ·  
┼─·─┼─·─┼─·─┼─·─┼─·─┼─Y
·   Y   ·   ·   ·   Y  
SYNDROME: [0 0 0 0 1 0 0 0 0 0 0 0 0 0 0 0 1 1 0 0 0 0 0 0 0 1 1 0 0 1 1 1 0 0 0 0 0
 0 0 0 1 1 0 0 0 0 0 1 0 0 0 1 0 1 0 0 0 1 0 0 1 1 0 0 0 0 0 1 0 0 1 0]
syndrome:
┼───X───┼───┼───X───┼──
│   │   │   │   │ Z │  
┼───┼───┼───┼───X───X──
│   │   │   │   │   │  
┼───┼───┼───┼───┼───X──
│   │   │   │   │ Z │ Z
┼───┼───┼───X───┼───X──
│   │   │   │   │   │  
┼───┼───┼───X───┼───┼──
│   │ Z │ Z │   │   │ Z
X───X───┼───┼───┼───┼──
│ Z │ Z │   │   │   │  
SOFT-DECISION VECTOR (Z ERROR): [-0.75064959  3.58426629  3.21225668  3.58426629 -1.87468456  3.67840258
  1.94058046  5.4057207   7.59918472  5.4057207  -0.31953504  2.71449065
  6.47514975  9.52050513 11.4774462   8.43209082  3.93255289  3.01000951
  6.09098556 10.05330251 10.08892318  5.52332308  3.54739675  1.59045568
  5.13357709  8.19681675  7.46600639  5.84496096  4.46994013  2.4779677
  0.62089263  4.63581106  7.32704111  5.4057207   3.21225668  3.3827747
  2.44234704  2.46023132  5.4057207   5.4057207   2.03153412 -0.21326235
  3.01000951  7.36266177  9.52050513  9.55612579  4.28168573  2.44234704
  3.54739675  7.39769313 12.17611451  9.3546342   3.54739675 -1.17067082
  2.4779677   7.12554951 11.12456975 -5.84496096  4.46994013  1.59045568
  3.3827747   4.63581106  8.19681675  6.04645255  5.20422911  2.4779677
 -0.75064959  0.62089263  5.13357709  5.4057207   3.58426629  3.17663601]
HARD-DECISION VECTOR (Z ERROR): [ 1. -0. -0. -0.  1. -0. -0. -0. -0. -0.  1. -0. -0. -0. -0. -0. -0. -0.
 -0. -0. -0. -0. -0. -0. -0. -0. -0. -0. -0. -0. -0. -0. -0. -0. -0. -0.
 -0. -0. -0. -0. -0.  1. -0. -0. -0. -0. -0. -0. -0. -0. -0. -0. -0.  1.
 -0. -0. -0.  1. -0. -0. -0. -0. -0. -0. -0. -0.  1. -0. -0. -0. -0. -0.]
CONVERGED FOR Z?: False
SOFT-DECISION VECTOR (X ERROR): [2.44234704 2.44234704 4.88469407 4.88469407 2.44234704 4.88469407
 4.88469407 4.88469407 4.88469407 4.88469407 2.44234704 4.88469407
 4.88469407 4.88469407 4.88469407 4.88469407 2.44234704 2.44234704
 4.88469407 4.88469407 4.88469407 4.88469407 2.44234704 2.44234704
 4.88469407 2.44234704 2.44234704 4.88469407 4.88469407 2.44234704
 2.44234704 0.         2.44234704 4.88469407 4.88469407 2.44234704
 4.88469407 4.88469407 4.88469407 4.88469407 2.44234704 2.44234704
 4.88469407 4.88469407 4.88469407 4.88469407 4.88469407 4.88469407
 2.44234704 4.88469407 4.88469407 4.88469407 2.44234704 0.
 4.88469407 4.88469407 4.88469407 4.88469407 4.88469407 4.88469407
 2.44234704 2.44234704 0.         2.44234704 4.88469407 2.44234704
 2.44234704 0.         2.44234704 4.88469407 4.88469407 4.88469407]
HARD-DECISION VECTOR (X ERROR): [0 0 0 0 0 0 0 0 0 0 1 0 0 0 0 0 1 0 0 0 0 0 0 1 0 0 0 0 0 1 0 0 0 0 0 0 0
 0 0 0 0 0 0 0 0 0 0 0 0 0 0 0 0 0 0 0 0 0 0 0 0 0 1 0 0 0 0 1 0 0 0 0]
CONVERGED FOR X?: True
RESULT OF OSD (Z ERROR): [1 0 0 0 1 0 0 0 0 0 1 0 0 0 0 0 0 0 0 0 0 0 0 0 0 0 0 0 0 0 1 0 0 0 0 0 0
 1 0 0 1 1 0 0 0 0 0 0 0 0 0 0 0 1 0 0 0 1 0 0 0 0 0 0 0 0 0 0 0 0 0 0]
RESULT OF OSD (X ERROR): [0 0 0 0 0 0 0 0 0 0 1 0 0 0 0 0 1 0 0 0 0 0 0 1 0 0 0 0 0 1 0 0 0 0 0 0 0
 0 0 0 0 0 0 0 0 0 0 0 0 0 0 0 0 0 0 0 0 0 0 0 0 0 1 0 0 0 0 1 0 0 0 0]
RECOVERY OPERATOR: [0 0 0 0 0 0 0 0 0 0 1 0 0 0 0 0 1 0 0 0 0 0 0 1 0 0 0 0 0 1 0 0 0 0 0 0 0
 0 0 0 0 0 0 0 0 0 0 0 0 0 0 0 0 0 0 0 0 0 0 0 0 0 1 0 0 0 0 1 0 0 0 0 1 0
 0 0 1 0 0 0 0 0 1 0 0 0 0 0 0 0 0 0 0 0 0 0 0 0 0 0 0 0 1 0 0 0 0 0 0 1 0
 0 1 1 0 0 0 0 0 0 0 0 0 0 0 1 0 0 0 1 0 0 0 0 0 0 0 0 0 0 0 0 0 0]
COMMUTATION OF RECOVERY WITH STABS: [0 0 0 0 1 0 0 0 0 0 0 0 0 0 0 0 1 1 0 0 0 0 0 0 0 1 1 0 0 1 1 1 0 0 0 0 0
 1 0 0 0 0 0 0 0 0 0 1 0 0 0 1 0 1 0 0 0 1 0 0 1 1 0 0 0 0 1 0 0 0 0 0]
COMMUTATION OF ORIGINAL ERROR WITH STABS: [0 0 0 0 1 0 0 0 0 0 0 0 0 0 0 0 1 1 0 0 0 0 0 0 0 1 1 0 0 1 1 1 0 0 0 0 0
 0 0 0 1 1 0 0 0 0 0 1 0 0 0 1 0 1 0 0 0 1 0 0 1 1 0 0 0 0 0 1 0 0 1 0]
CONSISTENT COMMUTATION RELATIONS: False
ROUND RUNTIME: 2.959336757659912
